Start: 2022-11-15 13:18:05.056117, End: 2022-11-15 13:18:07.072159
Start: 2022-11-15 13:18:27.516264, End: 2022-11-15 13:18:29.521438
