Start: 2022-11-15 13:24:47.896969, End: 2022-11-15 13:24:49.911325
Start: 2022-11-15 13:27:08.375016, End: 2022-11-15 13:27:10.379947
